33 ! 2
34 " 5
35 # 6
36 $ 6
37 % 6
38 & 6
39 ' 3
40 ( 5
41 ) 5
42 * 5
43 + 6
44 , 2
45 - 6
46 . 2
47 / 6
48 0 6
49 1 6
50 2 6
51 3 6
52 4 6
53 5 6
54 6 6
55 7 6
56 8 6
57 9 6
58 : 2
59 ; 2
60 < 5
61 = 6
62 > 5
63 ? 6
64 @ 7
65 A 6
66 B 6
67 C 6
68 D 6
69 E 6
70 F 6
71 G 6
72 H 6
73 I 4
74 J 6
75 K 6
76 L 6
77 M 6
78 N 6
79 O 6
80 P 6
81 Q 6
82 R 6
83 S 6
84 T 6
85 U 6
86 V 6
87 W 6
88 X 6
89 Y 6
90 Z 6
91 [ 4
92 \ 6
93 ] 4
94 ^ 6
95 _ 6
96 ` 3
97 a 6
98 b 6
99 c 6
100 d 6
101 e 6
102 f 5
103 g 6
104 h 6
105 i 2
106 j 6
107 k 5
108 l 3
109 m 6
110 n 6
111 o 6
112 p 6
113 q 6
114 r 6
115 s 6
116 t 4
117 u 6
118 v 6
119 w 6
120 x 6
121 y 6
122 z 6
123 { 5
124 | 2
125 } 5
126 ~ 6