
byte !_base[] PROGMEM = {
1,0,
1,0,
1,0,
1,0,
1,0,
0,0,
1,0,
0,0,
}

byte "_base[] PROGMEM = {
0,1,0,1,0,
0,1,0,1,0,
1,0,1,0,0,
0,0,0,0,0,
0,0,0,0,0,
0,0,0,0,0,
0,0,0,0,0,
0,0,0,0,0,
}

byte #_base[] PROGMEM = {
0,1,0,1,0,0,
0,1,0,1,0,0,
1,1,1,1,1,0,
0,1,0,1,0,0,
1,1,1,1,1,0,
0,1,0,1,0,0,
0,1,0,1,0,0,
0,0,0,0,0,0,
}

byte $_base[] PROGMEM = {
0,0,1,0,0,0,
0,1,1,1,1,0,
1,0,0,0,0,0,
0,1,1,1,0,0,
0,0,0,0,1,0,
1,1,1,1,0,0,
0,0,1,0,0,0,
0,0,0,0,0,0,
}

byte %_base[] PROGMEM = {
1,0,0,0,1,0,
1,0,0,1,0,0,
0,0,0,1,0,0,
0,0,1,0,0,0,
0,1,0,0,0,0,
0,1,0,0,1,0,
1,0,0,0,1,0,
0,0,0,0,0,0,
}

byte &_base[] PROGMEM = {
0,0,1,0,0,0,
0,1,0,1,0,0,
0,0,1,0,0,0,
0,1,1,0,1,0,
1,0,1,1,0,0,
1,0,0,1,0,0,
0,1,1,0,1,0,
0,0,0,0,0,0,
}

byte '_base[] PROGMEM = {
0,1,0,
0,1,0,
1,0,0,
0,0,0,
0,0,0,
0,0,0,
0,0,0,
0,0,0,
}

byte (_base[] PROGMEM = {
0,0,1,1,0,
0,1,0,0,0,
1,0,0,0,0,
1,0,0,0,0,
1,0,0,0,0,
0,1,0,0,0,
0,0,1,1,0,
0,0,0,0,0,
}

byte )_base[] PROGMEM = {
1,1,0,0,0,
0,0,1,0,0,
0,0,0,1,0,
0,0,0,1,0,
0,0,0,1,0,
0,0,1,0,0,
1,1,0,0,0,
0,0,0,0,0,
}

byte *_base[] PROGMEM = {
0,0,0,0,0,
0,0,0,0,0,
1,0,0,1,0,
0,1,1,0,0,
1,0,0,1,0,
0,0,0,0,0,
0,0,0,0,0,
0,0,0,0,0,
}

byte +_base[] PROGMEM = {
0,0,0,0,0,0,
0,0,1,0,0,0,
0,0,1,0,0,0,
1,1,1,1,1,0,
0,0,1,0,0,0,
0,0,1,0,0,0,
0,0,0,0,0,0,
0,0,0,0,0,0,
}

byte ,_base[] PROGMEM = {
0,0,
0,0,
0,0,
0,0,
0,0,
1,0,
1,0,
1,0,
}

byte -_base[] PROGMEM = {
0,0,0,0,0,0,
0,0,0,0,0,0,
0,0,0,0,0,0,
1,1,1,1,1,0,
0,0,0,0,0,0,
0,0,0,0,0,0,
0,0,0,0,0,0,
0,0,0,0,0,0,
}

byte ._base[] PROGMEM = {
0,0,
0,0,
0,0,
0,0,
0,0,
1,0,
1,0,
0,0,
}

byte /_base[] PROGMEM = {
0,0,0,0,1,0,
0,0,0,1,0,0,
0,0,0,1,0,0,
0,0,1,0,0,0,
0,1,0,0,0,0,
0,1,0,0,0,0,
1,0,0,0,0,0,
0,0,0,0,0,0,
}

byte 0_base[] PROGMEM = {
0,1,1,1,0,0,
1,0,0,0,1,0,
1,0,0,1,1,0,
1,0,1,0,1,0,
1,1,0,0,1,0,
1,0,0,0,1,0,
0,1,1,1,0,0,
0,0,0,0,0,0,
}

byte 1_base[] PROGMEM = {
0,0,1,0,0,0,
0,1,1,0,0,0,
0,0,1,0,0,0,
0,0,1,0,0,0,
0,0,1,0,0,0,
0,0,1,0,0,0,
1,1,1,1,1,0,
0,0,0,0,0,0,
}

byte 2_base[] PROGMEM = {
0,1,1,1,0,0,
1,0,0,0,1,0,
0,0,0,0,1,0,
0,0,1,1,0,0,
0,1,0,0,0,0,
1,0,0,0,1,0,
1,1,1,1,1,0,
0,0,0,0,0,0,
}

byte 3_base[] PROGMEM = {
0,1,1,1,0,0,
1,0,0,0,1,0,
0,0,0,0,1,0,
0,0,1,1,0,0,
0,0,0,0,1,0,
1,0,0,0,1,0,
0,1,1,1,0,0,
0,0,0,0,0,0,
}

byte 4_base[] PROGMEM = {
0,0,0,1,1,0,
0,0,1,0,1,0,
0,1,0,0,1,0,
1,0,0,0,1,0,
1,1,1,1,1,0,
0,0,0,0,1,0,
0,0,0,0,1,0,
0,0,0,0,0,0,
}

byte 5_base[] PROGMEM = {
1,1,1,1,1,0,
1,0,0,0,0,0,
1,1,1,1,0,0,
0,0,0,0,1,0,
0,0,0,0,1,0,
1,0,0,0,1,0,
0,1,1,1,0,0,
0,0,0,0,0,0,
}

byte 6_base[] PROGMEM = {
0,0,1,1,0,0,
0,1,0,0,0,0,
1,0,0,0,0,0,
1,1,1,1,0,0,
1,0,0,0,1,0,
1,0,0,0,1,0,
0,1,1,1,0,0,
0,0,0,0,0,0,
}

byte 7_base[] PROGMEM = {
1,1,1,1,1,0,
1,0,0,0,1,0,
0,0,0,0,1,0,
0,0,0,1,0,0,
0,0,1,0,0,0,
0,0,1,0,0,0,
0,0,1,0,0,0,
0,0,0,0,0,0,
}

byte 8_base[] PROGMEM = {
0,1,1,1,0,0,
1,0,0,0,1,0,
1,0,0,0,1,0,
0,1,1,1,0,0,
1,0,0,0,1,0,
1,0,0,0,1,0,
0,1,1,1,0,0,
0,0,0,0,0,0,
}

byte 9_base[] PROGMEM = {
0,1,1,1,0,0,
1,0,0,0,1,0,
1,0,0,0,1,0,
0,1,1,1,1,0,
0,0,0,0,1,0,
0,0,0,1,0,0,
0,1,1,0,0,0,
0,0,0,0,0,0,
}

byte :_base[] PROGMEM = {
0,0,
1,0,
1,0,
0,0,
0,0,
1,0,
1,0,
0,0,
}

byte ;_base[] PROGMEM = {
0,0,
1,0,
1,0,
0,0,
0,0,
1,0,
1,0,
1,0,
}

byte <_base[] PROGMEM = {
0,0,0,1,0,
0,0,1,0,0,
0,1,0,0,0,
1,0,0,0,0,
0,1,0,0,0,
0,0,1,0,0,
0,0,0,1,0,
0,0,0,0,0,
}

byte =_base[] PROGMEM = {
0,0,0,0,0,0,
0,0,0,0,0,0,
1,1,1,1,1,0,
0,0,0,0,0,0,
0,0,0,0,0,0,
1,1,1,1,1,0,
0,0,0,0,0,0,
0,0,0,0,0,0,
}

byte >_base[] PROGMEM = {
1,0,0,0,0,
0,1,0,0,0,
0,0,1,0,0,
0,0,0,1,0,
0,0,1,0,0,
0,1,0,0,0,
1,0,0,0,0,
0,0,0,0,0,
}

byte ?_base[] PROGMEM = {
0,1,1,1,0,0,
1,0,0,0,1,0,
0,0,0,0,1,0,
0,0,0,1,0,0,
0,0,1,0,0,0,
0,0,0,0,0,0,
0,0,1,0,0,0,
0,0,0,0,0,0,
}

byte @_base[] PROGMEM = {
0,1,1,1,1,0,0,
1,0,0,0,0,1,0,
1,0,1,1,0,1,0,
1,0,1,1,0,1,0,
1,0,1,1,1,1,0,
1,0,0,0,0,0,0,
0,1,1,1,1,0,0,
0,0,0,0,0,0,0,
}

byte A_base[] PROGMEM = {
0,1,1,1,0,0,
1,0,0,0,1,0,
1,0,0,0,1,0,
1,1,1,1,1,0,
1,0,0,0,1,0,
1,0,0,0,1,0,
1,0,0,0,1,0,
0,0,0,0,0,0,
}

byte B_base[] PROGMEM = {
1,1,1,1,0,0,
1,0,0,0,1,0,
1,1,1,1,0,0,
1,0,0,0,1,0,
1,0,0,0,1,0,
1,0,0,0,1,0,
1,1,1,1,0,0,
0,0,0,0,0,0,
}

byte C_base[] PROGMEM = {
0,1,1,1,0,0,
1,0,0,0,1,0,
1,0,0,0,0,0,
1,0,0,0,0,0,
1,0,0,0,0,0,
1,0,0,0,1,0,
0,1,1,1,0,0,
0,0,0,0,0,0,
}

byte D_base[] PROGMEM = {
1,1,1,1,0,0,
1,0,0,0,1,0,
1,0,0,0,1,0,
1,0,0,0,1,0,
1,0,0,0,1,0,
1,0,0,0,1,0,
1,1,1,1,0,0,
0,0,0,0,0,0,
}

byte E_base[] PROGMEM = {
1,1,1,1,1,0,
1,0,0,0,0,0,
1,1,1,0,0,0,
1,0,0,0,0,0,
1,0,0,0,0,0,
1,0,0,0,0,0,
1,1,1,1,1,0,
0,0,0,0,0,0,
}

byte F_base[] PROGMEM = {
1,1,1,1,1,0,
1,0,0,0,0,0,
1,1,1,0,0,0,
1,0,0,0,0,0,
1,0,0,0,0,0,
1,0,0,0,0,0,
1,0,0,0,0,0,
0,0,0,0,0,0,
}

byte G_base[] PROGMEM = {
0,1,1,1,1,0,
1,0,0,0,0,0,
1,0,1,1,1,0,
1,0,0,0,1,0,
1,0,0,0,1,0,
1,0,0,0,1,0,
0,1,1,1,0,0,
0,0,0,0,0,0,
}

byte H_base[] PROGMEM = {
1,0,0,0,1,0,
1,0,0,0,1,0,
1,1,1,1,1,0,
1,0,0,0,1,0,
1,0,0,0,1,0,
1,0,0,0,1,0,
1,0,0,0,1,0,
0,0,0,0,0,0,
}

byte I_base[] PROGMEM = {
1,1,1,0,
0,1,0,0,
0,1,0,0,
0,1,0,0,
0,1,0,0,
0,1,0,0,
1,1,1,0,
0,0,0,0,
}

byte J_base[] PROGMEM = {
0,0,0,0,1,0,
0,0,0,0,1,0,
0,0,0,0,1,0,
0,0,0,0,1,0,
0,0,0,0,1,0,
1,0,0,0,1,0,
0,1,1,1,0,0,
0,0,0,0,0,0,
}

byte K_base[] PROGMEM = {
1,0,0,0,1,0,
1,0,0,1,0,0,
1,1,1,0,0,0,
1,0,0,1,0,0,
1,0,0,0,1,0,
1,0,0,0,1,0,
1,0,0,0,1,0,
0,0,0,0,0,0,
}

byte L_base[] PROGMEM = {
1,0,0,0,0,0,
1,0,0,0,0,0,
1,0,0,0,0,0,
1,0,0,0,0,0,
1,0,0,0,0,0,
1,0,0,0,0,0,
1,1,1,1,1,0,
0,0,0,0,0,0,
}

byte M_base[] PROGMEM = {
1,0,0,0,1,0,
1,1,0,1,1,0,
1,0,1,0,1,0,
1,0,0,0,1,0,
1,0,0,0,1,0,
1,0,0,0,1,0,
1,0,0,0,1,0,
0,0,0,0,0,0,
}

byte N_base[] PROGMEM = {
1,0,0,0,1,0,
1,1,0,0,1,0,
1,0,1,0,1,0,
1,0,0,1,1,0,
1,0,0,0,1,0,
1,0,0,0,1,0,
1,0,0,0,1,0,
0,0,0,0,0,0,
}

byte O_base[] PROGMEM = {
0,1,1,1,0,0,
1,0,0,0,1,0,
1,0,0,0,1,0,
1,0,0,0,1,0,
1,0,0,0,1,0,
1,0,0,0,1,0,
0,1,1,1,0,0,
0,0,0,0,0,0,
}

byte P_base[] PROGMEM = {
1,1,1,1,0,0,
1,0,0,0,1,0,
1,1,1,1,0,0,
1,0,0,0,0,0,
1,0,0,0,0,0,
1,0,0,0,0,0,
1,0,0,0,0,0,
0,0,0,0,0,0,
}

byte Q_base[] PROGMEM = {
0,1,1,1,0,0,
1,0,0,0,1,0,
1,0,0,0,1,0,
1,0,0,0,1,0,
1,0,0,0,1,0,
1,0,0,1,0,0,
0,1,1,0,1,0,
0,0,0,0,0,0,
}

byte R_base[] PROGMEM = {
1,1,1,1,0,0,
1,0,0,0,1,0,
1,1,1,1,0,0,
1,0,0,0,1,0,
1,0,0,0,1,0,
1,0,0,0,1,0,
1,0,0,0,1,0,
0,0,0,0,0,0,
}

byte S_base[] PROGMEM = {
0,1,1,1,1,0,
1,0,0,0,0,0,
0,1,1,1,0,0,
0,0,0,0,1,0,
0,0,0,0,1,0,
1,0,0,0,1,0,
0,1,1,1,0,0,
0,0,0,0,0,0,
}

byte T_base[] PROGMEM = {
1,1,1,1,1,0,
0,0,1,0,0,0,
0,0,1,0,0,0,
0,0,1,0,0,0,
0,0,1,0,0,0,
0,0,1,0,0,0,
0,0,1,0,0,0,
0,0,0,0,0,0,
}

byte U_base[] PROGMEM = {
1,0,0,0,1,0,
1,0,0,0,1,0,
1,0,0,0,1,0,
1,0,0,0,1,0,
1,0,0,0,1,0,
1,0,0,0,1,0,
0,1,1,1,0,0,
0,0,0,0,0,0,
}

byte V_base[] PROGMEM = {
1,0,0,0,1,0,
1,0,0,0,1,0,
1,0,0,0,1,0,
1,0,0,0,1,0,
0,1,0,1,0,0,
0,1,0,1,0,0,
0,0,1,0,0,0,
0,0,0,0,0,0,
}

byte W_base[] PROGMEM = {
1,0,0,0,1,0,
1,0,0,0,1,0,
1,0,0,0,1,0,
1,0,0,0,1,0,
1,0,1,0,1,0,
1,1,0,1,1,0,
1,0,0,0,1,0,
0,0,0,0,0,0,
}

byte X_base[] PROGMEM = {
1,0,0,0,1,0,
0,1,0,1,0,0,
0,0,1,0,0,0,
0,1,0,1,0,0,
1,0,0,0,1,0,
1,0,0,0,1,0,
1,0,0,0,1,0,
0,0,0,0,0,0,
}

byte Y_base[] PROGMEM = {
1,0,0,0,1,0,
0,1,0,1,0,0,
0,0,1,0,0,0,
0,0,1,0,0,0,
0,0,1,0,0,0,
0,0,1,0,0,0,
0,0,1,0,0,0,
0,0,0,0,0,0,
}

byte Z_base[] PROGMEM = {
1,1,1,1,1,0,
0,0,0,0,1,0,
0,0,0,1,0,0,
0,0,1,0,0,0,
0,1,0,0,0,0,
1,0,0,0,0,0,
1,1,1,1,1,0,
0,0,0,0,0,0,
}

byte [_base[] PROGMEM = {
1,1,1,0,
1,0,0,0,
1,0,0,0,
1,0,0,0,
1,0,0,0,
1,0,0,0,
1,1,1,0,
0,0,0,0,
}

byte \_base[] PROGMEM = {
1,0,0,0,0,0,
0,1,0,0,0,0,
0,1,0,0,0,0,
0,0,1,0,0,0,
0,0,0,1,0,0,
0,0,0,1,0,0,
0,0,0,0,1,0,
0,0,0,0,0,0,
}

byte ]_base[] PROGMEM = {
1,1,1,0,
0,0,1,0,
0,0,1,0,
0,0,1,0,
0,0,1,0,
0,0,1,0,
1,1,1,0,
0,0,0,0,
}

byte ^_base[] PROGMEM = {
0,0,1,0,0,0,
0,1,0,1,0,0,
1,0,0,0,1,0,
0,0,0,0,0,0,
0,0,0,0,0,0,
0,0,0,0,0,0,
0,0,0,0,0,0,
0,0,0,0,0,0,
}

byte __base[] PROGMEM = {
0,0,0,0,0,0,
0,0,0,0,0,0,
0,0,0,0,0,0,
0,0,0,0,0,0,
0,0,0,0,0,0,
0,0,0,0,0,0,
1,1,1,1,1,0,
0,0,0,0,0,0,
}

byte `_base[] PROGMEM = {
1,0,0,
1,0,0,
0,1,0,
0,0,0,
0,0,0,
0,0,0,
0,0,0,
0,0,0,
}

byte a_base[] PROGMEM = {
0,0,0,0,0,0,
0,0,0,0,0,0,
0,1,1,1,0,0,
0,0,0,0,1,0,
0,1,1,1,1,0,
1,0,0,0,1,0,
0,1,1,1,1,0,
0,0,0,0,0,0,
}

byte b_base[] PROGMEM = {
1,0,0,0,0,0,
1,0,0,0,0,0,
1,0,1,1,0,0,
1,1,0,0,1,0,
1,0,0,0,1,0,
1,0,0,0,1,0,
1,1,1,1,0,0,
0,0,0,0,0,0,
}

byte c_base[] PROGMEM = {
0,0,0,0,0,0,
0,0,0,0,0,0,
0,1,1,1,0,0,
1,0,0,0,1,0,
1,0,0,0,0,0,
1,0,0,0,1,0,
0,1,1,1,0,0,
0,0,0,0,0,0,
}

byte d_base[] PROGMEM = {
0,0,0,0,1,0,
0,0,0,0,1,0,
0,1,1,0,1,0,
1,0,0,1,1,0,
1,0,0,0,1,0,
1,0,0,0,1,0,
0,1,1,1,1,0,
0,0,0,0,0,0,
}

byte e_base[] PROGMEM = {
0,0,0,0,0,0,
0,0,0,0,0,0,
0,1,1,1,0,0,
1,0,0,0,1,0,
1,1,1,1,1,0,
1,0,0,0,0,0,
0,1,1,1,1,0,
0,0,0,0,0,0,
}

byte f_base[] PROGMEM = {
0,0,1,1,0,
0,1,0,0,0,
1,1,1,1,0,
0,1,0,0,0,
0,1,0,0,0,
0,1,0,0,0,
0,1,0,0,0,
0,0,0,0,0,
}

byte g_base[] PROGMEM = {
0,0,0,0,0,0,
0,0,0,0,0,0,
0,1,1,1,1,0,
1,0,0,0,1,0,
1,0,0,0,1,0,
0,1,1,1,1,0,
0,0,0,0,1,0,
1,1,1,1,0,0,
}

byte h_base[] PROGMEM = {
1,0,0,0,0,0,
1,0,0,0,0,0,
1,0,1,1,0,0,
1,1,0,0,1,0,
1,0,0,0,1,0,
1,0,0,0,1,0,
1,0,0,0,1,0,
0,0,0,0,0,0,
}

byte i_base[] PROGMEM = {
1,0,
0,0,
1,0,
1,0,
1,0,
1,0,
1,0,
0,0,
}

byte j_base[] PROGMEM = {
0,0,0,0,1,0,
0,0,0,0,0,0,
0,0,0,0,1,0,
0,0,0,0,1,0,
0,0,0,0,1,0,
1,0,0,0,1,0,
1,0,0,0,1,0,
0,1,1,1,0,0,
}

byte k_base[] PROGMEM = {
1,0,0,0,0,
1,0,0,0,0,
1,0,0,1,0,
1,0,1,0,0,
1,1,0,0,0,
1,0,1,0,0,
1,0,0,1,0,
0,0,0,0,0,
}

byte l_base[] PROGMEM = {
1,0,0,
1,0,0,
1,0,0,
1,0,0,
1,0,0,
1,0,0,
0,1,0,
0,0,0,
}

byte m_base[] PROGMEM = {
0,0,0,0,0,0,
0,0,0,0,0,0,
1,1,0,1,0,0,
1,0,1,0,1,0,
1,0,1,0,1,0,
1,0,0,0,1,0,
1,0,0,0,1,0,
0,0,0,0,0,0,
}

byte n_base[] PROGMEM = {
0,0,0,0,0,0,
0,0,0,0,0,0,
1,1,1,1,0,0,
1,0,0,0,1,0,
1,0,0,0,1,0,
1,0,0,0,1,0,
1,0,0,0,1,0,
0,0,0,0,0,0,
}

byte o_base[] PROGMEM = {
0,0,0,0,0,0,
0,0,0,0,0,0,
0,1,1,1,0,0,
1,0,0,0,1,0,
1,0,0,0,1,0,
1,0,0,0,1,0,
0,1,1,1,0,0,
0,0,0,0,0,0,
}

byte p_base[] PROGMEM = {
0,0,0,0,0,0,
0,0,0,0,0,0,
1,0,1,1,0,0,
1,1,0,0,1,0,
1,0,0,0,1,0,
1,1,1,1,0,0,
1,0,0,0,0,0,
1,0,0,0,0,0,
}

byte q_base[] PROGMEM = {
0,0,0,0,0,0,
0,0,0,0,0,0,
0,1,1,0,1,0,
1,0,0,1,1,0,
1,0,0,0,1,0,
0,1,1,1,1,0,
0,0,0,0,1,0,
0,0,0,0,1,0,
}

byte r_base[] PROGMEM = {
0,0,0,0,0,0,
0,0,0,0,0,0,
1,0,1,1,0,0,
1,1,0,0,1,0,
1,0,0,0,0,0,
1,0,0,0,0,0,
1,0,0,0,0,0,
0,0,0,0,0,0,
}

byte s_base[] PROGMEM = {
0,0,0,0,0,0,
0,0,0,0,0,0,
0,1,1,1,1,0,
1,0,0,0,0,0,
0,1,1,1,0,0,
0,0,0,0,1,0,
1,1,1,1,0,0,
0,0,0,0,0,0,
}

byte t_base[] PROGMEM = {
0,1,0,0,
0,1,0,0,
1,1,1,0,
0,1,0,0,
0,1,0,0,
0,1,0,0,
0,0,1,0,
0,0,0,0,
}

byte u_base[] PROGMEM = {
0,0,0,0,0,0,
0,0,0,0,0,0,
1,0,0,0,1,0,
1,0,0,0,1,0,
1,0,0,0,1,0,
1,0,0,0,1,0,
0,1,1,1,1,0,
0,0,0,0,0,0,
}

byte v_base[] PROGMEM = {
0,0,0,0,0,0,
0,0,0,0,0,0,
1,0,0,0,1,0,
1,0,0,0,1,0,
1,0,0,0,1,0,
0,1,0,1,0,0,
0,0,1,0,0,0,
0,0,0,0,0,0,
}

byte w_base[] PROGMEM = {
0,0,0,0,0,0,
0,0,0,0,0,0,
1,0,0,0,1,0,
1,0,0,0,1,0,
1,0,1,0,1,0,
1,0,1,0,1,0,
0,1,1,1,1,0,
0,0,0,0,0,0,
}

byte x_base[] PROGMEM = {
0,0,0,0,0,0,
0,0,0,0,0,0,
1,0,0,0,1,0,
0,1,0,1,0,0,
0,0,1,0,0,0,
0,1,0,1,0,0,
1,0,0,0,1,0,
0,0,0,0,0,0,
}

byte y_base[] PROGMEM = {
0,0,0,0,0,0,
0,0,0,0,0,0,
1,0,0,0,1,0,
1,0,0,0,1,0,
1,0,0,0,1,0,
0,1,1,1,1,0,
0,0,0,0,1,0,
1,1,1,1,0,0,
}

byte z_base[] PROGMEM = {
0,0,0,0,0,0,
0,0,0,0,0,0,
1,1,1,1,1,0,
0,0,0,1,0,0,
0,0,1,0,0,0,
0,1,0,0,0,0,
1,1,1,1,1,0,
0,0,0,0,0,0,
}

byte {_base[] PROGMEM = {
0,0,1,1,0,
0,1,0,0,0,
0,1,0,0,0,
1,0,0,0,0,
0,1,0,0,0,
0,1,0,0,0,
0,0,1,1,0,
0,0,0,0,0,
}

byte |_base[] PROGMEM = {
1,0,
1,0,
1,0,
0,0,
1,0,
1,0,
1,0,
0,0,
}

byte }_base[] PROGMEM = {
1,1,0,0,0,
0,0,1,0,0,
0,0,1,0,0,
0,0,0,1,0,
0,0,1,0,0,
0,0,1,0,0,
1,1,0,0,0,
0,0,0,0,0,
}

byte ~_base[] PROGMEM = {
0,1,1,0,0,1,
1,0,0,1,1,0,
0,0,0,0,0,0,
0,0,0,0,0,0,
0,0,0,0,0,0,
0,0,0,0,0,0,
0,0,0,0,0,0,
0,0,0,0,0,0,
}
